
Antecedents: x17(26.00 18.50 11.00 ) x18(2.00 1.00 0.00 )=>x16 (16.00 11.50 7.00 )
Number of Varaibles: 41=3(CR)+2(AW)+9(RW)+27(BD)
starting Optimization------------------------------------------
Starting parallel pool (parpool) using the 'local' profile ...
connected to 6 workers.
 Iter  Func-count            Fval   Feasibility   Step Length       Norm of   First-order  
                                                                       step    optimality
    0          42    5.024213e+00     0.000e+00     1.000e+00     0.000e+00     6.068e+00  
    1          89    4.579849e+00     0.000e+00     1.681e-01     4.529e-01     1.026e+01  
    2         131    2.886392e+00     1.110e-16     1.000e+00     1.995e+00     6.039e+00  
    3         174    2.600604e+00     1.110e-16     7.000e-01     5.867e-01     4.741e+00  
    4         216    2.279676e+00     1.110e-16     1.000e+00     3.574e-01     3.174e+00  
    5         261    2.275133e+00     2.220e-16     3.430e-01     1.843e-01     3.499e+00  
    6         303    2.185493e+00     1.110e-16     1.000e+00     3.093e-01     2.337e+00  
    7         345    2.148700e+00     2.220e-16     1.000e+00     5.890e-02     1.044e-01  
    8         387    2.145130e+00     2.220e-16     1.000e+00     7.767e-02     5.590e-02  
    9         429    2.143228e+00     1.110e-16     1.000e+00     6.490e-02     5.886e-02  
   10         471    2.143042e+00     1.110e-16     1.000e+00     1.881e-02     1.149e-02  
   11         513    2.142580e+00     2.220e-16     1.000e+00     8.601e-02     9.114e-02  
   12         555    2.142474e+00     2.220e-16     1.000e+00     3.894e-02     4.714e-02  
   13         597    2.142457e+00     1.110e-16     1.000e+00     8.194e-03     6.319e-03  
   14         639    2.142457e+00     0.000e+00     1.000e+00     1.754e-04     3.631e-04  
   15         681    2.142457e+00     0.000e+00     1.000e+00     4.058e-05     7.986e-05  
   16         723    2.142457e+00     1.110e-16     1.000e+00     5.469e-06     6.385e-06  
   17         765    2.142457e+00     0.000e+00     1.000e+00     1.286e-06     8.595e-07  

Local minimum found that satisfies the constraints.

Optimization completed because the objective function is non-decreasing in 
feasible directions, to within the default value of the optimality tolerance,
and constraints are satisfied to within the default value of the constraint tolerance.

<stopping criteria details>


Elapsed time is 22.7547 sec

Antecedents: x14(10.00 7.00 3.00 ) x15(105.00 77.00 35.00 ) x16(16.00 11.50 7.00 )=>x10 (105.00 90.00 75.00 )
Number of Varaibles: 114=3(CR)+3(AW)+27(RW)+81(BD)
starting Optimization------------------------------------------
 Iter  Func-count            Fval   Feasibility   Step Length       Norm of   First-order  
                                                                       step    optimality
    0         115    1.545207e+02     0.000e+00     1.000e+00     0.000e+00     6.892e+01  
    1         231    4.665400e+01     3.331e-16     7.000e-01     3.610e+00     6.698e+01  
    2         349    4.641808e+01     3.331e-16     3.430e-01     8.530e-01     2.705e+01  
    3         468    4.539507e+01     2.220e-16     2.401e-01     5.907e-01     2.557e+01  
    4         588    4.482662e+01     2.220e-16     1.681e-01     4.210e-01     1.853e+01  
    5         707    4.337605e+01     2.220e-16     2.401e-01     7.284e-01     1.403e+01  
    6         825    4.259113e+01     2.220e-16     3.430e-01     7.957e-01     1.943e+01  
    7         941    4.118672e+01     4.441e-16     7.000e-01     1.267e+00     2.134e+01  
    8        1059    4.106273e+01     2.220e-16     3.430e-01     5.331e-01     1.970e+01  
    9        1178    4.027570e+01     2.220e-16     2.401e-01     6.504e-01     2.423e+01  
   10        1296    3.974445e+01     2.220e-16     3.430e-01     7.367e-01     3.578e+00  
   11        1415    3.927538e+01     2.220e-16     2.401e-01     4.746e-01     1.600e+01  
   12        1538    3.925479e+01     2.220e-16     5.765e-02     9.976e-02     6.101e+00  
   13        1657    3.881903e+01     2.220e-16     2.401e-01     5.582e-01     5.607e+00  
   14        1773    3.806028e+01     4.441e-16     7.000e-01     8.963e-01     8.749e+00  
   15        1890    3.745176e+01     2.220e-16     4.900e-01     6.200e-01     1.037e+01  
   16        2011    3.741572e+01     2.220e-16     1.176e-01     1.559e-01     1.175e+01  
   17        2131    3.736873e+01     2.220e-16     1.681e-01     3.464e-01     7.178e+00  
   18        2251    3.715248e+01     2.220e-16     1.681e-01     4.347e-01     3.871e+00  
   19        2367    3.607210e+01     2.220e-16     7.000e-01     6.882e-01     1.408e+01  
   20        2484    3.556588e+01     2.220e-16     4.900e-01     3.655e-01     1.726e+01  
   21        2607    3.551106e+01     2.220e-16     5.765e-02     8.018e-02     1.085e+01  
   22        2727    3.524125e+01     2.220e-16     1.681e-01     2.371e-01     6.593e+01  
   23        2848    3.514822e+01     2.220e-16     1.176e-01     2.244e-01     1.298e+01  
   24        2968    3.508272e+01     2.220e-16     1.681e-01     1.799e-01     7.385e+00  
   25        3085    3.465251e+01     2.220e-16     4.900e-01     2.729e-01     5.550e+01  
   26        3208    3.464627e+01     2.220e-16     5.765e-02     6.241e-02     4.541e+01  
   27        3326    3.450910e+01     2.220e-16     3.430e-01     2.599e-01     3.829e+01  
   28        3448    3.448826e+01     2.220e-16     8.235e-02     7.005e-02     1.134e+01  
   29        3565    3.441429e+01     1.110e-16     4.900e-01     4.145e-01     1.286e+01  
 Iter  Func-count            Fval   Feasibility   Step Length       Norm of   First-order  
                                                                       step    optimality
   30        3682    3.428449e+01     2.220e-16     4.900e-01     2.319e-01     5.408e+01  
   31        3800    3.419434e+01     2.220e-16     3.430e-01     2.227e-01     4.524e+01  
   32        3918    3.417252e+01     1.110e-16     3.430e-01     2.125e-01     6.909e+00  
   33        4035    3.414561e+01     2.220e-16     4.900e-01     2.011e-01     1.974e+01  
   34        4154    3.411722e+01     2.220e-16     2.401e-01     1.112e-01     9.899e+00  
   35        4271    3.400104e+01     2.220e-16     4.900e-01     2.285e-01     9.388e+01  
   36        4388    3.398882e+01     1.110e-16     4.900e-01     1.424e-01     8.496e+01  
   37        4507    3.397716e+01     0.000e+00     2.401e-01     9.898e-02     2.330e+01  
   38        4623    3.391406e+01     2.220e-16     7.000e-01     2.230e-01     2.564e+01  
   39        4740    3.386403e+01     2.220e-16     4.900e-01     2.295e-01     1.134e+01  
   40        4856    3.379233e+01     1.110e-16     7.000e-01     1.947e-01     5.059e+01  
   41        4973    3.376670e+01     2.220e-16     4.900e-01     1.545e-01     6.277e+01  
   42        5092    3.371147e+01     2.220e-16     2.401e-01     8.119e-02     9.882e+01  
   43        5210    3.368246e+01     2.220e-16     3.430e-01     1.047e-01     4.777e+01  
   44        5330    3.367565e+01     2.220e-16     1.681e-01     6.269e-02     8.906e+01  
   45        5450    3.365881e+01     2.220e-16     1.681e-01     5.293e-02     1.935e+02  
   46        5568    3.363885e+01     2.220e-16     3.430e-01     8.860e-02     1.300e+01  
   47        5685    3.361198e+01     2.220e-16     4.900e-01     7.910e-02     1.906e+02  
   48        5803    3.359989e+01     2.220e-16     3.430e-01     8.482e-02     1.313e+02  
   49        5921    3.358518e+01     2.220e-16     3.430e-01     1.178e-01     2.037e+02  
   50        6037    3.358494e+01     2.220e-16     7.000e-01     1.010e-01     8.845e+01  
   51        6153    3.355109e+01     2.220e-16     7.000e-01     1.038e-01     6.041e+01  
   52        6271    3.353414e+01     2.220e-16     3.430e-01     8.937e-02     4.764e+01  
   53        6388    3.349088e+01     2.220e-16     4.900e-01     1.371e-01     1.566e+02  
   54        6503    3.346716e+01     2.220e-16     1.000e+00     2.241e-01     1.604e+02  
   55        6620    3.343300e+01     1.110e-16     4.900e-01     7.383e-02     8.165e+01  
   56        6737    3.339012e+01     2.220e-16     4.900e-01     1.213e-01     2.301e+02  
   57        6856    3.338924e+01     2.220e-16     2.401e-01     7.517e-02     1.563e+02  
   58        6974    3.337116e+01     2.220e-16     3.430e-01     7.642e-02     3.766e+02  
   59        7093    3.335818e+01     2.220e-16     2.401e-01     5.471e-02     1.342e+02  
 Iter  Func-count            Fval   Feasibility   Step Length       Norm of   First-order  
                                                                       step    optimality
   60        7210    3.333469e+01     2.220e-16     4.900e-01     1.108e-01     1.091e+02  
   61        7329    3.331522e+01     2.220e-16     2.401e-01     5.563e-02     3.816e+02  
   62        7448    3.330056e+01     2.220e-16     2.401e-01     3.759e-02     1.719e+02  
   63        7566    3.329365e+01     2.220e-16     3.430e-01     7.447e-02     7.967e+02  
   64        7685    3.327908e+01     2.220e-16     2.401e-01     5.975e-02     8.287e+01  
   65        7802    3.327455e+01     2.220e-16     4.900e-01     6.260e-02     5.373e+01  
   66        7920    3.326538e+01     2.220e-16     3.430e-01     4.795e-02     6.041e+02  
   67        8039    3.326164e+01     2.220e-16     2.401e-01     8.058e-02     3.676e+01  
   68        8158    3.324730e+01     2.220e-16     2.401e-01     5.170e-02     1.550e+02  
   69        8274    3.323322e+01     2.220e-16     7.000e-01     1.068e-01     9.422e+01  
   70        8391    3.322015e+01     1.110e-16     4.900e-01     7.325e-02     1.750e+02  
   71        8510    3.320684e+01     2.220e-16     2.401e-01     4.131e-02     5.539e+02  
   72        8628    3.319788e+01     0.000e+00     3.430e-01     3.645e-02     2.430e+02  
   73        8744    3.319066e+01     2.220e-16     7.000e-01     1.404e-01     1.026e+03  
   74        8862    3.318937e+01     1.110e-16     3.430e-01     5.687e-02     1.478e+03  
   75        8980    3.316775e+01     2.220e-16     3.430e-01     6.822e-02     3.670e+02  
   76        9098    3.316294e+01     2.220e-16     3.430e-01     5.550e-02     4.055e+02  
   77        9213    3.316128e+01     2.220e-16     1.000e+00     1.123e-01     4.477e+02  
   78        9329    3.313763e+01     2.220e-16     7.000e-01     1.268e-01     1.267e+03  
   79        9448    3.312421e+01     0.000e+00     2.401e-01     3.475e-02     9.991e+02  
   80        9570    3.311656e+01     2.220e-16     8.235e-02     3.985e-02     2.536e+02  
   81        9687    3.311397e+01     2.220e-16     4.900e-01     9.101e-02     1.473e+03  
   82        9805    3.310863e+01     2.220e-16     3.430e-01     6.800e-02     2.311e+03  
   83        9924    3.309548e+01     2.220e-16     2.401e-01     3.926e-02     8.049e+02  
   84       10044    3.309270e+01     2.220e-16     1.681e-01     3.677e-02     2.373e+03  
   85       10165    3.308922e+01     2.220e-16     1.176e-01     3.416e-02     1.208e+03  
   86       10284    3.308476e+01     2.220e-16     2.401e-01     2.482e-02     1.445e+03  
   87       10402    3.308474e+01     2.220e-16     3.430e-01     5.144e-02     1.069e+03  
   88       10521    3.308148e+01     2.220e-16     2.401e-01     4.266e-02     2.607e+03  
   89       10637    3.307368e+01     2.220e-16     7.000e-01     1.697e-01     6.239e+02  
 Iter  Func-count            Fval   Feasibility   Step Length       Norm of   First-order  
                                                                       step    optimality
   90       10758    3.306849e+01     2.220e-16     1.176e-01     2.729e-02     1.360e+03  
   91       10877    3.306160e+01     2.220e-16     2.401e-01     3.539e-02     1.224e+03  
   92       10997    3.305622e+01     2.220e-16     1.681e-01     9.377e-02     7.761e+02  
   93       11113    3.304894e+01     1.110e-16     7.000e-01     1.124e-01     8.177e+03  
   94       11232    3.304840e+01     2.220e-16     2.401e-01     5.083e-02     1.490e+03  
   95       11353    3.304634e+01     2.220e-16     1.176e-01     2.167e-02     8.929e+03  
   96       11474    3.304321e+01     2.220e-16     1.176e-01     2.265e-02     1.051e+04  

Solver stopped prematurely.

fmincon stopped because it exceeded the function evaluation limit,
options.MaxFunctionEvaluations = 11400 (the default value).


Elapsed time is 128.0428 sec

Antecedents: x19(1.00 0.50 0.00 ) x20(20.00 15.00 10.00 ) x21(0.50 0.25 0.00 )=>x09 (0.60 0.50 0.40 )
Number of Varaibles: 114=3(CR)+3(AW)+27(RW)+81(BD)
starting Optimization------------------------------------------
 Iter  Func-count            Fval   Feasibility   Step Length       Norm of   First-order  
                                                                       step    optimality
    0         115    6.106414e-03     0.000e+00     1.000e+00     0.000e+00     4.982e-03  
    1         230    6.087174e-03     1.110e-16     1.000e+00     4.393e-03     2.559e-03  
    2         345    5.993170e-03     2.220e-16     1.000e+00     2.184e-02     2.483e-03  
    3         460    5.575355e-03     0.000e+00     1.000e+00     1.061e-01     2.138e-03  
    4         575    4.509816e-03     2.220e-16     1.000e+00     4.552e-01     1.583e-03  
    5         690    4.407775e-03     2.220e-16     1.000e+00     1.849e-01     1.621e-03  
    6         805    4.401356e-03     1.110e-16     1.000e+00     7.868e-03     1.468e-03  
    7         920    4.367273e-03     1.110e-16     1.000e+00     1.839e-02     1.389e-03  
    8        1035    4.228136e-03     0.000e+00     1.000e+00     7.857e-02     9.355e-04  
    9        1150    4.046948e-03     1.110e-16     1.000e+00     2.332e-01     8.214e-04  
   10        1265    4.044916e-03     0.000e+00     1.000e+00     2.462e-03     5.585e-04  
   11        1380    4.034614e-03     0.000e+00     1.000e+00     8.765e-03     5.510e-04  
   12        1495    3.985958e-03     1.110e-16     1.000e+00     4.339e-02     5.107e-04  
   13        1610    3.806950e-03     2.220e-16     1.000e+00     2.019e-01     4.004e-04  
   14        1725    3.679241e-03     1.110e-16     1.000e+00     3.671e-01     4.729e-04  
   15        1840    3.678785e-03     0.000e+00     1.000e+00     1.628e-03     2.982e-04  
   16        1955    3.676505e-03     2.220e-16     1.000e+00     5.316e-03     2.951e-04  
   17        2070    3.665471e-03     1.110e-16     1.000e+00     2.620e-02     2.801e-04  
   18        2185    3.618914e-03     2.220e-16     1.000e+00     1.256e-01     2.394e-04  
   19        2300    3.539395e-03     1.110e-16     1.000e+00     4.157e-01     2.651e-04  
   20        2415    3.539146e-03     0.000e+00     1.000e+00     7.679e-04     2.423e-04  
   21        2530    3.537912e-03     2.220e-16     1.000e+00     2.910e-03     2.381e-04  
   22        2645    3.532161e-03     2.220e-16     1.000e+00     1.416e-02     2.168e-04  
   23        2760    3.512497e-03     1.110e-16     1.000e+00     6.462e-02     1.259e-04  
   24        2875    3.503121e-03     2.220e-16     1.000e+00     8.487e-02     8.897e-05  
   25        2990    3.503093e-03     1.110e-16     1.000e+00     2.579e-04     8.890e-05  
   26        3105    3.502955e-03     1.110e-16     1.000e+00     1.027e-03     8.883e-05  
   27        3220    3.502272e-03     0.000e+00     1.000e+00     5.118e-03     8.844e-05  
   28        3335    3.499018e-03     1.110e-16     1.000e+00     2.528e-02     8.655e-05  
   29        3450    3.486476e-03     0.000e+00     1.000e+00     1.187e-01     7.905e-05  
 Iter  Func-count            Fval   Feasibility   Step Length       Norm of   First-order  
                                                                       step    optimality
   30        3565    3.482508e-03     0.000e+00     1.000e+00     7.347e-02     9.552e-05  
   31        3680    3.481979e-03     1.110e-16     1.000e+00     1.207e-02     1.048e-04  
   32        3795    3.478750e-03     2.673e-51     1.000e+00     5.030e-02     4.900e-04  
   33        3910    3.466311e-03     2.220e-16     1.000e+00     2.286e-01     3.336e-04  
   34        4025    3.460897e-03     0.000e+00     1.000e+00     1.080e-01     1.631e-04  
   35        4140    3.457865e-03     2.220e-16     1.000e+00     2.221e-02     1.699e-04  
   36        4255    3.453316e-03     0.000e+00     1.000e+00     4.265e-02     1.405e-04  
   37        4370    3.452511e-03     1.110e-16     1.000e+00     1.559e-02     1.236e-04  
   38        4485    3.452367e-03     1.110e-16     1.000e+00     7.585e-03     1.163e-04  
   39        4600    3.452311e-03     0.000e+00     1.000e+00     2.603e-03     1.161e-04  
   40        4715    3.452088e-03     1.110e-16     1.000e+00     7.024e-03     1.147e-04  
   41        4830    3.451627e-03     2.220e-16     1.000e+00     9.888e-03     1.098e-04  
   42        4945    3.450512e-03     1.110e-16     1.000e+00     1.837e-02     9.752e-05  
   43        5060    3.448542e-03     2.220e-16     1.000e+00     2.900e-02     7.849e-05  
   44        5175    3.446218e-03     1.110e-16     1.000e+00     3.654e-02     7.746e-05  
   45        5290    3.444942e-03     0.000e+00     1.000e+00     2.664e-02     9.484e-05  
   46        5405    3.444670e-03     0.000e+00     1.000e+00     1.166e-02     8.087e-05  
   47        5520    3.444634e-03     1.110e-16     1.000e+00     3.877e-03     8.087e-05  
   48        5635    3.444600e-03     2.220e-16     1.000e+00     2.319e-03     8.087e-05  
   49        5750    3.444496e-03     1.110e-16     1.000e+00     4.087e-03     8.087e-05  
   50        5865    3.444249e-03     2.220e-16     1.000e+00     6.355e-03     8.087e-05  
   51        5980    3.443621e-03     0.000e+00     1.000e+00     1.668e-02     7.985e-05  
   52        6095    3.442226e-03     1.110e-16     1.000e+00     4.456e-02     9.111e-05  
   53        6210    3.439691e-03     2.220e-16     1.000e+00     9.801e-02     1.375e-04  
   54        6325    3.437023e-03     2.220e-16     1.000e+00     1.028e-01     1.204e-04  
   55        6440    3.436046e-03     2.220e-16     1.000e+00     1.650e-02     5.002e-05  
   56        6555    3.435874e-03     1.110e-16     1.000e+00     1.006e-02     7.434e-06  
   57        6670    3.435874e-03     0.000e+00     1.000e+00     2.256e-04     7.434e-06  
   58        6785    3.435874e-03     1.110e-16     1.000e+00     1.599e-04     7.562e-06  
   59        6900    3.435873e-03     0.000e+00     1.000e+00     3.144e-04     7.561e-06  
 Iter  Func-count            Fval   Feasibility   Step Length       Norm of   First-order  
                                                                       step    optimality
   60        7015    3.435872e-03     2.220e-16     1.000e+00     5.857e-04     7.541e-06  
   61        7130    3.435869e-03     2.220e-16     1.000e+00     1.238e-03     7.514e-06  
   62        7245    3.435861e-03     2.220e-16     1.000e+00     2.713e-03     7.621e-06  
   63        7360    3.435841e-03     1.110e-16     1.000e+00     6.109e-03     1.211e-05  
   64        7475    3.435795e-03     2.220e-16     1.000e+00     1.357e-02     1.807e-05  
   65        7590    3.435693e-03     2.220e-16     1.000e+00     2.845e-02     2.431e-05  
   66        7705    3.435506e-03     2.220e-16     1.000e+00     5.166e-02     2.691e-05  
   67        7820    3.435254e-03     1.110e-16     1.000e+00     7.033e-02     2.029e-05  
   68        7935    3.435044e-03     2.220e-16     1.000e+00     5.889e-02     8.262e-06  
   69        8050    3.434942e-03     2.220e-16     1.000e+00     2.844e-02     4.709e-06  
   70        8165    3.434905e-03     1.110e-16     1.000e+00     1.560e-02     6.184e-06  
   71        8280    3.434893e-03     0.000e+00     1.000e+00     8.386e-03     3.663e-06  
   72        8395    3.434889e-03     0.000e+00     1.000e+00     3.301e-03     2.018e-06  
   73        8510    3.434889e-03     1.110e-16     1.000e+00     1.155e-03     1.133e-07  

Local minimum found that satisfies the constraints.

Optimization completed because the objective function is non-decreasing in 
feasible directions, to within the default value of the optimality tolerance,
and constraints are satisfied to within the default value of the constraint tolerance.

<stopping criteria details>


Elapsed time is 81.4062 sec

Antecedents: x22(110.00 56.00 2.00 ) x23(11.00 5.75 0.50 )=>x08 (0.90 0.70 0.50 )
Number of Varaibles: 41=3(CR)+2(AW)+9(RW)+27(BD)
starting Optimization------------------------------------------
 Iter  Func-count            Fval   Feasibility   Step Length       Norm of   First-order  
                                                                       step    optimality
    0          42    4.434315e-02     0.000e+00     1.000e+00     0.000e+00     4.098e-02  
    1          84    4.182524e-02     1.110e-16     1.000e+00     5.070e-02     3.354e-02  
    2         126    3.709519e-02     1.110e-16     1.000e+00     1.038e-01     1.279e-02  
    3         168    3.519453e-02     1.110e-16     1.000e+00     7.083e-02     1.390e-02  
    4         210    2.693069e-02     0.000e+00     1.000e+00     3.428e-01     1.833e-02  
    5         252    1.093764e-02     1.110e-16     1.000e+00     1.415e+00     2.311e-02  
    6         294    1.062619e-02     0.000e+00     1.000e+00     1.012e-01     5.867e-03  
    7         336    1.047308e-02     0.000e+00     1.000e+00     4.203e-02     4.001e-03  
    8         378    1.034663e-02     2.220e-16     1.000e+00     4.139e-02     3.772e-03  
    9         420    1.017307e-02     1.110e-16     1.000e+00     5.171e-02     3.528e-03  
   10         462    9.749283e-03     4.815e-35     1.000e+00     1.431e-01     6.484e-03  
   11         504    9.258451e-03     2.220e-16     1.000e+00     2.056e-01     7.061e-03  
   12         546    8.916787e-03     1.110e-16     1.000e+00     1.870e-01     4.126e-03  
   13         588    8.773018e-03     1.204e-35     1.000e+00     1.042e-01     2.645e-03  
   14         630    8.605200e-03     2.220e-16     1.000e+00     1.833e-01     2.309e-03  
   15         672    8.574126e-03     0.000e+00     1.000e+00     3.755e-02     1.605e-03  
   16         714    8.547261e-03     0.000e+00     1.000e+00     5.447e-02     9.139e-04  
   17         756    8.536926e-03     0.000e+00     1.000e+00     8.782e-03     8.397e-04  
   18         798    8.482989e-03     2.220e-16     1.000e+00     3.954e-02     7.196e-04  
   19         840    8.434354e-03     1.110e-16     1.000e+00     7.386e-02     1.296e-03  
   20         882    8.419095e-03     0.000e+00     1.000e+00     4.901e-02     1.180e-03  
   21         924    8.413691e-03     0.000e+00     1.000e+00     2.601e-02     7.827e-04  
   22         966    8.409868e-03     1.110e-16     1.000e+00     1.209e-02     6.996e-04  
   23        1008    8.398286e-03     2.220e-16     1.000e+00     2.499e-02     5.913e-04  
   24        1050    8.374117e-03     1.110e-16     1.000e+00     4.210e-02     1.034e-03  
   25        1092    8.326024e-03     1.110e-16     1.000e+00     8.303e-02     1.512e-03  
   26        1134    8.278989e-03     0.000e+00     1.000e+00     1.015e-01     1.424e-03  
   27        1176    8.260861e-03     1.110e-16     1.000e+00     4.416e-02     7.645e-04  
   28        1218    8.253330e-03     2.220e-16     1.000e+00     3.036e-02     2.838e-04  
   29        1260    8.250919e-03     2.220e-16     1.000e+00     4.206e-02     3.227e-04  
 Iter  Func-count            Fval   Feasibility   Step Length       Norm of   First-order  
                                                                       step    optimality
   30        1302    8.248251e-03     1.110e-16     1.000e+00     5.775e-02     3.156e-04  
   31        1344    8.247743e-03     1.110e-16     1.000e+00     2.678e-03     2.752e-04  
   32        1386    8.247013e-03     0.000e+00     1.000e+00     4.742e-03     2.557e-04  
   33        1428    8.246094e-03     1.110e-16     1.000e+00     5.033e-03     2.771e-04  
   34        1470    8.243324e-03     0.000e+00     1.000e+00     1.363e-02     4.914e-04  
   35        1512    8.237597e-03     3.009e-36     1.000e+00     2.730e-02     7.204e-04  
   36        1554    8.227138e-03     1.110e-16     1.000e+00     5.195e-02     8.475e-04  
   37        1596    8.215677e-03     2.220e-16     1.000e+00     5.896e-02     6.311e-04  
   38        1638    8.207852e-03     2.220e-16     1.000e+00     3.462e-02     3.018e-04  
   39        1680    8.205550e-03     2.220e-16     1.000e+00     1.060e-02     2.498e-04  
   40        1722    8.205134e-03     1.110e-16     1.000e+00     3.262e-03     2.331e-04  
   41        1764    8.203998e-03     2.220e-16     1.000e+00     5.581e-03     2.100e-04  
   42        1806    8.201409e-03     2.220e-16     1.000e+00     9.303e-03     3.422e-04  
   43        1848    8.195293e-03     1.110e-16     1.000e+00     2.538e-02     5.043e-04  
   44        1890    8.185601e-03     3.009e-36     1.000e+00     4.345e-02     5.102e-04  
   45        1932    8.178494e-03     3.009e-36     1.000e+00     2.115e-02     3.836e-04  
   46        1974    8.174839e-03     1.110e-16     1.000e+00     1.692e-02     2.592e-04  
   47        2016    8.174157e-03     1.110e-16     1.000e+00     7.974e-03     3.065e-04  
   48        2058    8.173557e-03     1.110e-16     1.000e+00     1.002e-02     2.795e-04  
   49        2100    8.173180e-03     0.000e+00     1.000e+00     7.091e-03     1.757e-04  
   50        2142    8.172875e-03     2.220e-16     1.000e+00     6.101e-03     2.017e-04  
   51        2184    8.172604e-03     2.220e-16     1.000e+00     4.931e-03     2.098e-04  
   52        2226    8.171863e-03     1.110e-16     1.000e+00     1.286e-02     2.125e-04  
   53        2268    8.170227e-03     0.000e+00     1.000e+00     2.904e-02     2.150e-04  
   54        2310    8.167019e-03     2.220e-16     1.000e+00     6.160e-02     2.673e-04  
   55        2352    8.163158e-03     1.110e-16     1.000e+00     7.170e-02     2.547e-04  
   56        2394    8.161008e-03     0.000e+00     1.000e+00     1.364e-02     1.570e-04  
   57        2436    8.160287e-03     2.220e-16     1.000e+00     1.252e-02     7.606e-05  
   58        2478    8.160266e-03     0.000e+00     1.000e+00     6.914e-04     7.348e-05  
   59        2520    8.160160e-03     2.220e-16     1.000e+00     3.805e-03     8.194e-05  
 Iter  Func-count            Fval   Feasibility   Step Length       Norm of   First-order  
                                                                       step    optimality
   60        2562    8.160030e-03     2.220e-16     1.000e+00     5.552e-03     8.887e-05  
   61        2604    8.159785e-03     0.000e+00     1.000e+00     1.298e-02     8.679e-05  
   62        2646    8.159631e-03     0.000e+00     1.000e+00     6.800e-03     4.624e-05  
   63        2688    8.159561e-03     0.000e+00     1.000e+00     4.634e-03     2.891e-05  
   64        2730    8.159546e-03     0.000e+00     1.000e+00     2.727e-03     2.388e-05  
   65        2772    8.159531e-03     2.220e-16     1.000e+00     2.627e-03     2.466e-05  
   66        2814    8.159464e-03     1.110e-16     1.000e+00     1.244e-02     2.688e-05  
   67        2856    8.159319e-03     2.220e-16     1.000e+00     2.833e-02     5.234e-05  
   68        2898    8.158888e-03     1.110e-16     1.000e+00     8.694e-02     1.077e-04  
   69        2940    8.157931e-03     2.220e-16     1.000e+00     1.481e-01     1.636e-04  
   70        2982    8.157384e-03     1.110e-16     1.000e+00     1.572e-02     1.284e-04  
   71        3024    8.156834e-03     0.000e+00     1.000e+00     1.321e-02     5.431e-05  
   72        3066    8.156780e-03     0.000e+00     1.000e+00     7.060e-03     2.973e-05  
   73        3108    8.156771e-03     0.000e+00     1.000e+00     2.169e-03     2.456e-05  
   74        3150    8.156754e-03     1.110e-16     1.000e+00     2.287e-03     3.283e-05  
   75        3192    8.156708e-03     2.220e-16     1.000e+00     3.253e-03     5.741e-05  
   76        3234    8.156596e-03     0.000e+00     1.000e+00     5.070e-03     9.328e-05  
   77        3276    8.156345e-03     0.000e+00     1.000e+00     1.163e-02     1.353e-04  
   78        3318    8.155803e-03     2.220e-16     1.000e+00     3.420e-02     1.774e-04  
   79        3360    8.155242e-03     2.220e-16     1.000e+00     4.800e-02     1.626e-04  
   80        3402    8.154826e-03     1.110e-16     1.000e+00     4.515e-02     9.383e-05  
   81        3444    8.154695e-03     0.000e+00     1.000e+00     1.817e-02     3.219e-05  
   82        3486    8.154679e-03     0.000e+00     1.000e+00     2.249e-03     2.623e-05  
   83        3528    8.154669e-03     2.220e-16     1.000e+00     1.670e-03     2.788e-05  
   84        3570    8.154635e-03     1.110e-16     1.000e+00     2.936e-03     3.460e-05  
   85        3612    8.154554e-03     2.821e-37     1.000e+00     4.818e-03     4.425e-05  
   86        3654    8.154324e-03     2.821e-37     1.000e+00     1.654e-02     7.404e-05  
   87        3696    8.153791e-03     2.220e-16     1.000e+00     4.539e-02     1.230e-04  
   88        3738    8.150294e-03     2.220e-16     1.000e+00     3.036e-01     2.892e-04  
   89        3781    8.147554e-03     1.110e-16     7.000e-01     2.285e-01     1.420e-03  
 Iter  Func-count            Fval   Feasibility   Step Length       Norm of   First-order  
                                                                       step    optimality
   90        3823    8.131979e-03     1.110e-16     1.000e+00     9.484e-02     1.043e-03  
   91        3865    8.125852e-03     1.926e-34     1.000e+00     4.098e-02     6.968e-04  
   92        3907    8.123096e-03     2.220e-16     1.000e+00     2.294e-02     2.709e-04  
   93        3949    8.117970e-03     1.110e-16     1.000e+00     5.999e-02     5.979e-04  
   94        3993    8.112572e-03     0.000e+00     4.900e-01     8.021e-02     2.886e-03  
   95        4038    8.110179e-03     0.000e+00     3.430e-01     3.299e-02     5.132e-04  
   96        4081    8.107931e-03     0.000e+00     7.000e-01     7.129e-02     1.090e-03  
   97        4125    8.104544e-03     2.220e-16     4.900e-01     3.870e-02     3.974e-03  

Solver stopped prematurely.

fmincon stopped because it exceeded the function evaluation limit,
options.MaxFunctionEvaluations = 4100 (the default value).


Elapsed time is 30.1176 sec

Antecedents: x25(32.00 16.00 0.00 ) x26(0.50 0.25 0.00 )=>x11 (0.50 0.25 0.00 )
Number of Varaibles: 41=3(CR)+2(AW)+9(RW)+27(BD)
starting Optimization------------------------------------------
 Iter  Func-count            Fval   Feasibility   Step Length       Norm of   First-order  
                                                                       step    optimality
    0          42    4.770546e-02     0.000e+00     1.000e+00     0.000e+00     3.321e-02  
    1          84    4.643902e-02     0.000e+00     1.000e+00     3.579e-02     1.686e-02  
    2         126    4.064320e-02     0.000e+00     1.000e+00     1.752e-01     1.465e-02  
    3         168    2.264129e-02     1.110e-16     1.000e+00     7.861e-01     1.290e-02  
    4         210    1.699155e-02     2.220e-16     1.000e+00     7.093e-01     2.018e-02  
    5         252    1.638710e-02     0.000e+00     1.000e+00     6.689e-02     1.554e-02  
    6         294    1.381759e-02     1.110e-16     1.000e+00     2.133e-01     9.285e-03  
    7         336    1.233243e-02     0.000e+00     1.000e+00     2.535e-01     6.201e-03  
    8         378    1.224548e-02     1.110e-16     1.000e+00     1.515e-02     5.505e-03  
    9         420    1.185512e-02     2.220e-16     1.000e+00     7.831e-02     3.096e-03  
   10         462    1.160146e-02     2.220e-16     1.000e+00     1.095e-01     2.472e-03  
   11         504    1.155155e-02     0.000e+00     1.000e+00     2.409e-02     2.768e-03  
   12         546    1.152897e-02     2.220e-16     1.000e+00     1.418e-02     2.049e-03  
   13         588    1.149709e-02     1.110e-16     1.000e+00     1.928e-02     1.687e-03  
   14         630    1.143033e-02     1.110e-16     1.000e+00     4.731e-02     3.194e-03  
   15         672    1.134191e-02     0.000e+00     1.000e+00     7.899e-02     3.821e-03  
   16         714    1.125767e-02     1.110e-16     1.000e+00     8.068e-02     3.085e-03  
   17         756    1.116447e-02     2.220e-16     1.000e+00     9.699e-02     1.752e-03  
   18         798    1.109840e-02     1.110e-16     1.000e+00     9.681e-02     1.198e-03  
   19         840    1.108008e-02     1.110e-16     1.000e+00     4.871e-02     8.081e-04  
   20         882    1.107671e-02     0.000e+00     1.000e+00     1.565e-02     7.488e-04  
   21         924    1.107405e-02     0.000e+00     1.000e+00     8.996e-03     7.136e-04  
   22         966    1.106703e-02     0.000e+00     1.000e+00     1.568e-02     6.493e-04  
   23        1008    1.105498e-02     1.110e-16     1.000e+00     2.167e-02     6.516e-04  
   24        1050    1.103987e-02     2.220e-16     1.000e+00     3.288e-02     6.313e-04  
   25        1092    1.103122e-02     1.110e-16     1.000e+00     3.211e-02     3.194e-04  
   26        1134    1.102936e-02     1.110e-16     1.000e+00     1.540e-02     1.035e-04  
   27        1176    1.102923e-02     2.220e-16     1.000e+00     3.480e-03     4.666e-05  
   28        1218    1.102922e-02     2.220e-16     1.000e+00     6.431e-04     4.484e-05  
   29        1260    1.102919e-02     1.110e-16     1.000e+00     9.200e-04     4.674e-05  
 Iter  Func-count            Fval   Feasibility   Step Length       Norm of   First-order  
                                                                       step    optimality
   30        1302    1.102914e-02     2.220e-16     1.000e+00     1.374e-03     4.397e-05  
   31        1344    1.102906e-02     1.110e-16     1.000e+00     1.986e-03     3.398e-05  
   32        1386    1.102898e-02     0.000e+00     1.000e+00     2.339e-03     3.058e-05  
   33        1428    1.102894e-02     1.110e-16     1.000e+00     1.759e-03     1.327e-05  
   34        1470    1.102894e-02     2.220e-16     1.000e+00     6.881e-04     3.587e-06  
   35        1512    1.102894e-02     1.110e-16     1.000e+00     1.415e-04     4.270e-07  

Local minimum found that satisfies the constraints.

Optimization completed because the objective function is non-decreasing in 
feasible directions, to within the default value of the optimality tolerance,
and constraints are satisfied to within the default value of the constraint tolerance.

<stopping criteria details>


Elapsed time is 10.8131 sec

Antecedents: x27(1.10 0.85 0.60 ) x28(1.00 0.50 0.00 ) x29(1.10 0.55 0.00 ) x30(1.10 0.85 0.60 ) x31(1.10 0.85 0.60 )=>x12 (1.10 0.55 0.00 )
Number of Varaibles: 980=3(CR)+5(AW)+243(RW)+729(BD)
starting Optimization------------------------------------------
 Iter  Func-count            Fval   Feasibility   Step Length       Norm of   First-order  
                                                                       step    optimality
    0         981    3.045984e-01     0.000e+00     1.000e+00     0.000e+00     2.238e-01  
    1        1962    2.601853e-01     0.000e+00     1.000e+00     2.129e-01     1.162e-01  
    2        2943    1.809190e-01     0.000e+00     1.000e+00     5.103e-01     9.923e-02  
    3        3924    1.117641e-01     0.000e+00     1.000e+00     7.849e-01     8.585e-02  
    4        4905    9.974859e-02     2.220e-16     1.000e+00     2.238e-01     3.511e-02  
    5        5886    8.794694e-02     1.110e-16     1.000e+00     2.209e-01     5.436e-02  
    6        6867    5.495399e-02     2.220e-16     1.000e+00     7.952e-01     3.805e-02  
    7        7848    4.256874e-02     2.220e-16     1.000e+00     4.514e-01     6.598e-02  
    8        8829    3.946007e-02     1.110e-16     1.000e+00     1.125e-01     3.170e-02  
    9        9810    3.411236e-02     2.220e-16     1.000e+00     2.259e-01     1.631e-02  
   10       10791    3.108294e-02     0.000e+00     1.000e+00     1.601e-01     1.945e-02  
   11       11772    2.395394e-02     2.220e-16     1.000e+00     4.583e-01     3.637e-02  
   12       12753    2.151105e-02     2.220e-16     1.000e+00     1.648e-01     2.747e-02  
   13       13734    1.597949e-02     1.110e-16     1.000e+00     4.268e-01     2.021e-02  
   14       14715    1.428049e-02     1.110e-16     1.000e+00     1.541e-01     2.333e-02  
   15       15696    1.176274e-02     2.220e-16     1.000e+00     2.882e-01     1.888e-02  
   16       16677    1.092987e-02     1.110e-16     1.000e+00     8.325e-02     1.267e-02  
   17       17658    9.234668e-03     1.110e-16     1.000e+00     1.818e-01     1.310e-02  
   18       18639    8.594450e-03     1.110e-16     1.000e+00     8.599e-02     8.935e-03  
   19       19620    7.006876e-03     2.220e-16     1.000e+00     2.642e-01     1.011e-02  
   20       20601    5.913712e-03     1.110e-16     1.000e+00     1.898e-01     1.104e-02  
   21       21582    5.104835e-03     2.220e-16     1.000e+00     1.458e-01     1.020e-02  
   22       22563    4.656150e-03     2.220e-16     1.000e+00     8.402e-02     9.899e-03  
   23       23544    4.062891e-03     2.220e-16     1.000e+00     1.272e-01     9.899e-03  
   24       24525    3.256290e-03     2.220e-16     1.000e+00     2.210e-01     8.157e-03  
   25       25506    2.374686e-03     1.110e-16     1.000e+00     3.499e-01     5.416e-03  
   26       26487    2.270477e-03     2.220e-16     1.000e+00     2.585e-02     3.811e-03  
   27       27468    1.851610e-03     2.220e-16     1.000e+00     1.185e-01     4.134e-03  
   28       28449    1.491703e-03     2.220e-16     1.000e+00     1.501e-01     5.288e-03  
K>> dairy on
Undefined function or variable 'dairy'. 
K>> diary on
   29       29430    1.392008e-03     2.220e-16     1.000e+00     4.621e-02     4.076e-03  
Iter  Func-count            Fval   Feasibility   Step Length       Norm of   First-order  
                                                                       step    optimality
   30       30411    1.209236e-03     1.110e-16     1.000e+00     9.894e-02     1.952e-03  
   31       31392    1.156967e-03     0.000e+00     1.000e+00     2.963e-02     2.820e-03  
   32       32373    1.010556e-03     2.220e-16     1.000e+00     9.895e-02     2.251e-03  
   33       33354    9.260161e-04     2.220e-16     1.000e+00     6.754e-02     2.796e-03  
   34       34335    8.672495e-04     2.220e-16     1.000e+00     3.042e-02     3.209e-03  
   35       35316    7.849324e-04     2.220e-16     1.000e+00     4.714e-02     3.693e-03  
   36       36297    6.989446e-04     2.220e-16     1.000e+00     8.973e-02     2.028e-03  
   37       37278    6.280965e-04     1.110e-16     1.000e+00     1.071e-01     2.181e-03  
   38       38259    5.910997e-04     1.110e-16     1.000e+00     2.695e-02     9.942e-04  
   39       39240    5.339441e-04     2.220e-16     1.000e+00     4.833e-02     1.854e-03  
   40       40221    4.716877e-04     2.220e-16     1.000e+00     7.495e-02     1.696e-03  
   41       41202    4.410526e-04     2.220e-16     1.000e+00     4.538e-02     1.669e-03  
   42       42183    3.811743e-04     1.110e-16     1.000e+00     1.245e-01     1.651e-03  
   43       43164    3.461267e-04     1.110e-16     1.000e+00     5.309e-02     1.223e-03  
   44       44145    3.065023e-04     1.110e-16     1.000e+00     4.195e-02     1.742e-03  
   45       45126    2.666076e-04     1.110e-16     1.000e+00     6.538e-02     1.806e-03  
   46       46107    2.376880e-04     1.110e-16     1.000e+00     4.866e-02     1.657e-03  
   47       47088    2.103139e-04     2.220e-16     1.000e+00     6.107e-02     1.491e-03  
   48       48069    2.023062e-04     2.220e-16     1.000e+00     1.080e-02     7.471e-04  
   49       49050    1.818602e-04     1.110e-16     1.000e+00     3.226e-02     8.346e-04  
   50       50031    1.678022e-04     1.110e-16     1.000e+00     2.253e-02     9.148e-04  
   51       51012    1.466909e-04     1.110e-16     1.000e+00     4.910e-02     1.411e-03  
   52       51993    1.246075e-04     2.220e-16     1.000e+00     8.329e-02     8.301e-04  
   53       52974    1.165689e-04     2.220e-16     1.000e+00     3.523e-02     6.990e-04  
   54       53955    1.047407e-04     2.220e-16     1.000e+00     4.558e-02     8.309e-04  
   55       54936    9.170817e-05     1.110e-16     1.000e+00     2.370e-02     4.701e-04  
   56       55917    7.602954e-05     2.220e-16     1.000e+00     4.641e-02     5.812e-04  
   57       56898    7.309236e-05     2.220e-16     1.000e+00     1.013e-02     5.194e-04  
   58       57879    6.085087e-05     2.220e-16     1.000e+00     4.770e-02     8.969e-04  
   59       58860    5.471674e-05     2.220e-16     1.000e+00     1.874e-02     7.064e-04  
 Iter  Func-count            Fval   Feasibility   Step Length       Norm of   First-order  
                                                                       step    optimality
   60       59841    4.146958e-05     1.110e-16     1.000e+00     6.087e-02     6.371e-04  
   61       60822    3.888925e-05     2.220e-16     1.000e+00     2.020e-02     4.179e-04  
   62       61803    3.790471e-05     2.220e-16     1.000e+00     6.309e-03     2.136e-04  
   63       62784    3.648782e-05     2.220e-16     1.000e+00     1.209e-02     2.284e-04  
   64       63765    3.562167e-05     2.220e-16     1.000e+00     8.792e-03     1.992e-04  
   65       64746    3.456208e-05     2.220e-16     1.000e+00     9.365e-03     2.343e-04  
   66       65727    3.271086e-05     1.110e-16     1.000e+00     9.289e-03     2.375e-04  
   67       66708    2.904538e-05     2.220e-16     1.000e+00     2.233e-02     1.816e-04  
   68       67689    2.788957e-05     2.220e-16     1.000e+00     1.517e-02     1.809e-04  
   69       68670    2.718159e-05     1.110e-16     1.000e+00     1.539e-02     1.631e-04  
   70       69651    2.675952e-05     2.220e-16     1.000e+00     5.910e-03     1.668e-04  
   71       70632    2.557721e-05     2.220e-16     1.000e+00     1.390e-02     1.518e-04  
   72       71613    2.472924e-05     2.220e-16     1.000e+00     7.834e-03     1.503e-04  
   73       72594    2.314449e-05     1.110e-16     1.000e+00     1.720e-02     2.988e-04  
   74       73575    2.237717e-05     2.220e-16     1.000e+00     7.156e-03     1.911e-04  
   75       74556    1.917402e-05     1.110e-16     1.000e+00     2.905e-02     2.505e-04  
   76       75537    1.716319e-05     1.110e-16     1.000e+00     1.627e-02     3.044e-04  
   77       76518    1.586042e-05     1.110e-16     1.000e+00     1.325e-02     2.140e-04  
   78       77499    1.397108e-05     2.220e-16     1.000e+00     1.674e-02     2.160e-04  
   79       78480    8.765379e-06     2.220e-16     1.000e+00     5.034e-02     3.289e-04  
   80       79461    6.239017e-06     2.220e-16     1.000e+00     3.107e-02     6.754e-04  
   81       80442    5.200315e-06     2.220e-16     1.000e+00     1.717e-02     1.933e-04  
   82       81423    4.445070e-06     1.110e-16     1.000e+00     1.396e-02     1.158e-04  
   83       82404    4.026591e-06     2.220e-16     1.000e+00     6.448e-03     1.165e-04  
   84       83385    3.515685e-06     2.220e-16     1.000e+00     8.340e-03     1.067e-04  
   85       84366    3.116515e-06     2.220e-16     1.000e+00     3.953e-03     1.099e-04  
   86       85347    2.505469e-06     1.110e-16     1.000e+00     9.937e-03     1.123e-04  
   87       86328    2.242745e-06     8.018e-51     1.000e+00     5.720e-03     8.817e-05  
   88       87309    2.013930e-06     1.110e-16     1.000e+00     7.948e-03     9.466e-05  
   89       88290    1.777317e-06     2.220e-16     1.000e+00     1.013e-02     7.523e-05  
 Iter  Func-count            Fval   Feasibility   Step Length       Norm of   First-order  
                                                                       step    optimality
   90       89271    1.656213e-06     1.110e-16     1.000e+00     4.219e-03     7.246e-05  
   91       90252    1.537696e-06     2.220e-16     1.000e+00     4.313e-03     8.679e-05  
   92       91233    1.368920e-06     2.220e-16     1.000e+00     5.339e-03     9.763e-05  
   93       92214    1.084407e-06     2.220e-16     1.000e+00     5.245e-03     8.571e-05  
   94       93195    6.670280e-07     2.220e-16     1.000e+00     5.962e-03     1.061e-04  
   95       94176    4.605401e-07     1.069e-50     1.000e+00     8.344e-03     5.613e-05  
   96       95157    4.174619e-07     2.220e-16     1.000e+00     2.827e-03     5.850e-05  
   97       96138    3.174229e-07     2.220e-16     1.000e+00     3.583e-03     2.760e-05  
   98       97119    2.952735e-07     2.220e-16     1.000e+00     1.133e-03     4.316e-05  
   99       98100    2.623223e-07     2.220e-16     1.000e+00     1.627e-03     4.752e-05  

Solver stopped prematurely.

fmincon stopped because it exceeded the function evaluation limit,
options.MaxFunctionEvaluations = 98000 (the default value).


Elapsed time is 3562.9629 sec

Antecedents: x08(0.90 0.70 0.50 ) x09(0.60 0.50 0.40 ) x10(105.00 90.00 75.00 ) x11(0.50 0.25 0.00 ) x12(1.10 0.55 0.00 )=>x07 (180.00 141.00 90.00 )
Number of Varaibles: 980=3(CR)+5(AW)+243(RW)+729(BD)
starting Optimization------------------------------------------
 Iter  Func-count            Fval   Feasibility   Step Length       Norm of   First-order  
                                                                       step    optimality
    0         981    1.623258e+03     0.000e+00     1.000e+00     0.000e+00     2.092e+02  
    1        1963    1.062224e+03     1.110e-15     7.000e-01     1.061e+01     4.411e+02  
    2        2945    9.313587e+02     2.442e-15     7.000e-01     6.042e+00     2.217e+02  
    3        3928    8.353200e+02     2.887e-15     4.900e-01     4.556e+00     1.813e+02  
    4        4911    7.347479e+02     1.998e-15     4.900e-01     5.169e+00     1.211e+02  
    5        5895    6.713997e+02     1.554e-15     3.430e-01     3.234e+00     1.519e+02  
    6        6879    6.055755e+02     2.220e-15     3.430e-01     2.984e+00     8.812e+01  
    7        7863    5.561494e+02     2.442e-15     3.430e-01     3.012e+00     6.237e+01  
    8        8847    5.511621e+02     1.332e-15     3.430e-01     2.592e+00     2.278e+02  
    9        9832    5.196415e+02     3.553e-15     2.401e-01     1.777e+00     1.269e+02  
   10       10816    4.943125e+02     3.553e-15     3.430e-01     3.111e+00     1.141e+02  
   11       11803    4.795078e+02     2.887e-15     1.176e-01     9.439e-01     8.218e+01  
   12       12788    4.649508e+02     2.442e-15     2.401e-01     2.081e+00     7.210e+01  
   13       13772    4.316017e+02     1.554e-15     3.430e-01     2.240e+00     1.047e+02  
   14       14756    4.266189e+02     8.882e-16     3.430e-01     2.238e+00     1.925e+02  
   15       15742    4.222471e+02     1.332e-15     1.681e-01     1.327e+00     2.295e+02  
   16       16728    4.092971e+02     1.110e-15     1.681e-01     1.620e+00     8.327e+01  
   17       17713    3.909526e+02     1.110e-15     2.401e-01     2.037e+00     5.112e+01  
   18       18697    3.801031e+02     6.661e-16     3.430e-01     2.220e+00     9.625e+01  
   19       19681    3.631186e+02     4.441e-16     3.430e-01     2.088e+00     2.618e+02  
   20       20667    3.465444e+02     1.554e-15     1.681e-01     1.426e+00     1.809e+02  
   21       21654    3.397290e+02     1.554e-15     1.176e-01     1.036e+00     1.756e+02  
   22       22639    3.343641e+02     1.554e-15     2.401e-01     1.956e+00     6.759e+01  
   23       23625    3.324042e+02     1.332e-15     1.681e-01     1.196e+00     2.006e+02  
   24       24610    3.247284e+02     1.110e-15     2.401e-01     1.617e+00     1.347e+02  
   25       25596    3.137412e+02     8.882e-16     1.681e-01     1.115e+00     1.150e+02  
   26       26581    3.026778e+02     6.661e-16     2.401e-01     1.530e+00     2.954e+02  
   27       27568    2.977585e+02     6.661e-16     1.176e-01     7.616e-01     1.496e+02  
   28       28553    2.932786e+02     8.882e-16     2.401e-01     1.507e+00     9.281e+01  
   29       29539    2.873017e+02     8.882e-16     1.681e-01     9.730e-01     2.075e+02  
 Iter  Func-count            Fval   Feasibility   Step Length       Norm of   First-order  
                                                                       step    optimality
   30       30525    2.856409e+02     8.882e-16     1.681e-01     1.144e+00     1.917e+02  
   31       31514    2.850682e+02     8.882e-16     5.765e-02     4.025e-01     1.487e+02  
   32       32500    2.809999e+02     8.882e-16     1.681e-01     1.235e+00     2.138e+02  
   33       33486    2.803946e+02     8.882e-16     1.681e-01     1.107e+00     1.101e+02  
   34       34476    2.801748e+02     1.110e-15     4.035e-02     2.488e-01     1.182e+02  
   35       35463    2.764255e+02     8.882e-16     1.176e-01     8.352e-01     2.111e+02  
   36       36450    2.738814e+02     8.882e-16     1.176e-01     7.567e-01     1.401e+02  
   37       37436    2.737751e+02     6.661e-16     1.681e-01     1.118e+00     3.919e+02  
   38       38422    2.735738e+02     4.441e-16     1.681e-01     9.848e-01     1.521e+02  
   39       39409    2.722190e+02     4.441e-16     1.176e-01     6.470e-01     3.300e+02  
   40       40396    2.688065e+02     4.441e-16     1.176e-01     7.555e-01     1.587e+02  
   41       41382    2.651215e+02     6.661e-16     1.681e-01     1.098e+00     5.360e+02  
   42       42369    2.640265e+02     4.441e-16     1.176e-01     6.593e-01     4.109e+02  
   43       43356    2.615375e+02     6.661e-16     1.176e-01     6.655e-01     2.490e+02  
   44       44342    2.566719e+02     1.332e-15     1.681e-01     9.031e-01     2.233e+02  
   45       45329    2.554755e+02     1.110e-15     1.176e-01     6.937e-01     3.086e+02  
   46       46315    2.525916e+02     8.882e-16     1.681e-01     9.292e-01     2.265e+02  
   47       47301    2.500189e+02     4.885e-15     1.681e-01     8.503e-01     7.333e+02  
   48       48288    2.482865e+02     6.217e-15     1.176e-01     6.395e-01     9.093e+02  
   49       49276    2.463821e+02     5.773e-15     8.235e-02     5.132e-01     1.974e+02  
   50       50265    2.457601e+02     5.329e-15     5.765e-02     3.919e-01     1.960e+02  
   51       51254    2.449021e+02     5.107e-15     5.765e-02     3.420e-01     2.539e+02  
   52       52242    2.431702e+02     4.663e-15     8.235e-02     4.960e-01     4.740e+02  
   53       53229    2.429123e+02     3.997e-15     1.176e-01     5.881e-01     4.232e+02  
   54       54215    2.425456e+02     3.331e-15     1.681e-01     6.887e-01     2.209e+02  
   55       55202    2.403850e+02     3.109e-15     1.176e-01     5.603e-01     5.556e+02  
   56       56188    2.391109e+02     2.665e-15     1.681e-01     8.550e-01     6.355e+02  
   57       57177    2.378524e+02     2.887e-15     5.765e-02     3.446e-01     4.423e+02  
   58       58165    2.372573e+02     2.887e-15     8.235e-02     5.669e-01     1.385e+02  
   59       59153    2.361258e+02     2.665e-15     8.235e-02     3.846e-01     1.358e+02  
 Iter  Func-count            Fval   Feasibility   Step Length       Norm of   First-order  
                                                                       step    optimality
   60       60140    2.351304e+02     2.220e-15     1.176e-01     5.328e-01     4.969e+02  
   61       61127    2.343020e+02     1.998e-15     1.176e-01     5.063e-01     1.239e+02  
   62       62114    2.337038e+02     1.776e-15     1.176e-01     5.134e-01     1.969e+02  
   63       63103    2.329756e+02     1.776e-15     5.765e-02     2.630e-01     2.798e+02  
   64       64091    2.322645e+02     1.554e-15     8.235e-02     4.038e-01     1.074e+02  
   65       65080    2.317464e+02     1.998e-15     5.765e-02     3.124e-01     2.317e+02  
   66       66068    2.314568e+02     1.998e-15     8.235e-02     4.297e-01     3.269e+02  
   67       67055    2.314289e+02     1.776e-15     1.176e-01     5.971e-01     2.769e+02  
   68       68042    2.312150e+02     1.554e-15     1.176e-01     5.118e-01     1.411e+02  
   69       69029    2.301982e+02     1.332e-15     1.176e-01     5.258e-01     2.100e+02  
   70       70016    2.293761e+02     1.332e-15     1.176e-01     4.625e-01     1.750e+02  
   71       71002    2.289248e+02     1.554e-15     1.681e-01     7.035e-01     2.953e+02  
   72       71992    2.288219e+02     1.776e-15     4.035e-02     1.999e-01     2.790e+02  
   73       72980    2.278212e+02     1.554e-15     8.235e-02     4.200e-01     3.286e+02  
   74       73968    2.274796e+02     1.554e-15     8.235e-02     3.656e-01     1.962e+02  
   75       74956    2.269853e+02     1.332e-15     8.235e-02     3.927e-01     2.066e+02  
   76       75944    2.264766e+02     1.332e-15     8.235e-02     3.990e-01     2.363e+02  
   77       76932    2.263547e+02     1.110e-15     8.235e-02     3.749e-01     3.188e+02  
   78       77920    2.260635e+02     9.548e-15     8.235e-02     2.926e-01     3.073e+02  
   79       78907    2.258160e+02     8.438e-15     1.176e-01     4.147e-01     2.144e+02  
   80       79895    2.255004e+02     7.772e-15     8.235e-02     3.686e-01     4.075e+02  
   81       80883    2.254449e+02     7.105e-15     8.235e-02     3.819e-01     4.862e+02  
   82       81869    2.244930e+02     5.995e-15     1.681e-01     5.183e-01     2.071e+02  
   83       82855    2.233497e+02     7.105e-15     1.681e-01     6.168e-01     2.104e+02  
   84       83843    2.231226e+02     6.883e-15     8.235e-02     3.298e-01     2.397e+02  
   85       84830    2.229083e+02     8.216e-15     1.176e-01     5.021e-01     3.796e+02  
   86       85817    2.217874e+02     7.327e-15     1.176e-01     4.694e-01     2.982e+02  
   87       86805    2.212941e+02     6.661e-15     8.235e-02     3.170e-01     3.753e+02  
   88       87791    2.210349e+02     5.551e-15     1.681e-01     7.496e-01     2.462e+02  
   89       88777    2.206570e+02     4.663e-15     1.681e-01     5.374e-01     4.760e+02  
 Iter  Func-count            Fval   Feasibility   Step Length       Norm of   First-order  
                                                                       step    optimality
   90       89763    2.194688e+02     6.217e-15     1.681e-01     5.278e-01     4.485e+02  
   91       90751    2.186652e+02     6.661e-15     8.235e-02     3.903e-01     4.040e+02  
   92       91741    2.183733e+02     6.439e-15     4.035e-02     2.154e-01     7.081e+02  
   93       92729    2.179452e+02     5.773e-15     8.235e-02     4.092e-01     2.026e+02  
   94       93716    2.176281e+02     5.107e-15     1.176e-01     4.383e-01     5.242e+02  
   95       94703    2.174980e+02     4.663e-15     1.176e-01     4.114e-01     9.036e+02  
   96       95688    2.174551e+02     3.553e-15     2.401e-01     6.349e-01     8.048e+02  
   97       96674    2.166378e+02     2.887e-15     1.681e-01     5.402e-01     1.096e+03  
   98       97663    2.162413e+02     2.887e-15     5.765e-02     2.668e-01     1.333e+03  
   99       98650    2.158987e+02     5.107e-15     1.176e-01     4.868e-01     6.750e+02  

Solver stopped prematurely.

fmincon stopped because it exceeded the function evaluation limit,
options.MaxFunctionEvaluations = 98000 (the default value).


Elapsed time is 3884.4915 sec
Ending program 28-Sep-2018 16:56:26IdleTimeout has been reached.
Parallel pool using the 'local' profile is shutting down.
>> 